53
3 -998 -996 -991 
3 -991 -992 -991 
2 -991 -992 
6 -992 67 83 -997 -999 -988 
4 -992 67 83 -976 
6 -992 80 83 -997 -999 -988 
1 -999 
2 -976 50 
5 -988 14 -982 15 -978 
2 -982 -981 
2 -982 80 
2 -981 -983 
4 -981 -983 49 -981 
3 -983 67 83 
5 -978 10 -986 -977 11 
1 -986 
4 -986 -985 50 -986 
3 -985 67 83 
4 -977 -979 -997 -977 
2 -977 -979 
2 -979 -987 
2 -979 -975 
2 -979 -980 
2 -979 -993 
5 -993 83 38 -990 50 
3 -980 70 50 
4 -980 70 -990 50 
8 -975 82 -997 14 -990 15 -999 -978 
7 -987 66 14 -990 15 -999 -978 
12 -987 66 14 -990 15 -999 -978 -996 60 -997 -999 -978 
1 -996 
1 -997 
2 -990 -995 
4 -990 -995 25 -995 
4 -990 -995 27 -995 
4 -990 -995 26 -995 
4 -990 -995 28 -995 
4 -990 -995 23 -995 
4 -990 -995 24 -995 
2 -995 -984 
4 -995 -984 16 -995 
4 -995 -984 17 -995 
2 -984 -989 
4 -984 -989 18 -984 
4 -984 -989 19 -984 
2 -989 1 
2 -989 4 
4 -989 14 -990 15 
5 -989 83 14 -994 15 
2 -989 83 
1 -994 
2 -994 -990 
4 -994 -990 49 -994 
