0 3 67
4 5 83
5 6 50
7 10 67
11 12 83
12 13 50
14 17 67
18 25 83
25 26 14
26 29 67
30 31 83
31 32 49
33 36 67
37 38 83
38 39 49
40 43 67
44 45 83
45 46 15
46 47 10
49 52 67
53 54 83
54 55 50
57 60 67
61 62 83
62 63 50
65 66 83
67 68 38
69 70 1
70 71 50
73 75 66
76 77 14
77 78 83
79 80 25
81 82 14
82 83 83
84 85 16
86 87 83
87 88 15
88 89 15
89 90 10
93 94 83
95 96 38
97 98 83
99 100 16
101 102 14
102 103 83
104 105 18
106 107 83
108 109 16
110 111 1
111 112 15
112 113 50
115 116 11
118 122 60
122 123 10
126 127 83
128 129 38
130 131 83
131 132 50
134 135 11
137 138 83
139 140 38
141 142 83
143 144 16
145 147 1
147 148 50
150 155 82
156 157 14
157 158 83
159 161 28
162 165 1
165 166 15
166 167 10
170 171 83
172 173 38
174 175 83
176 177 18
178 179 1
179 180 50
183 184 83
185 186 38
187 188 83
188 189 50
191 192 11
194 200 70
201 202 83
202 203 50
204 205 11
207 210 67
211 215 83
215 216 14
216 219 67
220 221 83
221 222 15
222 223 10
225 226 83
227 228 38
229 230 83
231 232 16
233 234 1
234 235 50
237 243 70
244 245 83
246 247 18
248 249 1
249 250 50
251 252 11
254 258 80
259 263 83
263 264 14
264 268 80
268 269 15
269 270 10
272 275 67
276 277 83
277 278 50
280 283 67
284 285 83
285 286 50
288 291 67
292 293 83
293 294 50
296 297 83
298 299 38
300 301 1
301 302 50
304 305 83
306 307 38
308 312 4
312 313 50
315 316 83
317 318 38
319 320 1
320 321 16
321 325 4
325 326 50
328 329 83
330 331 38
332 333 83
334 335 16
336 337 83
337 338 50
340 341 83
342 343 38
344 351 83
351 352 14
352 353 83
353 354 49
355 356 83
356 357 49
358 362 83
362 363 14
363 364 83
364 365 15
365 366 15
366 367 50
369 375 70
375 376 50
377 378 11
